sonia_delaunay.jpg
	120.26155479059094
	113.40918818129661
	187.0797705106139

bruegel.jpg
	102.7055808303887
	82.65606007067137
	48.99533348056536

expressionisme.jpg
	110.42584000000001
	106.34634285714286
	106.91502857142858

impressionisme.jpg
	101.16179114583329
	124.40148489583332
	100.7188229166666

picasso.jpg
	134.82987599206345
	127.95099702380948
	115.37682539682538

portrait-of-dora-maar.jpg
	118.5778905887807
	109.74025266573943
	102.1796708391284

blue.jpg
	1.0
	0.0
	204.0

green.jpg
	3.0
	153.0
	2.0

red.jpg
	254.00444444444443
	0.008888888888888889
	2.008888888888889

black.jpg
	0.0
	0.0
	0.0

gray.jpg
	113.90813492063492
	113.90813492063492
	113.90813492063492

white.jpg
	255.0
	255.0
	255.0
